151
1 0 0
2 0 1
3 0 2
4 0 3
5 0 4
6 0 5
7 0 6
8 0 8
9 0 9
10 0 10 
11 0 12
12 0 13
13 0 14
14 0 15
15 0 16
16 0 17
17 0 18
18 0 19
19 1 0 
20 1 1
21 1 3
22 1 4
23 1 5
24 1 6
25 1 7
26 1 8
27 1 10
28 1 11
29 1 12
30 1 14
31 1 15
32 1 16
33 1 17
34 1 18
35 1 19
36 1 20
37 2 0
38 2 1
39 2 2
40 2 4
41 2 5
42 2 6
43 2 7
44 2 8
45 2 9
46 2 10
47 2 12
48 2 13
49 2 14
50 2 15
51 2 16
52 2 18
53 2 19
54 2 20
55 3 0
56 3 1
57 3 2
58 3 3
59 3 4
60 3 5
61 3 6
62 3 7
63 3 8
64 3 9
65 3 10
66 3 11
67 3 12
68 3 13
69 3 14
70 3 15
71 3 16
72 3 17
73 3 18
74 3 19
75 3 20
76 4 0
77 4 3
78 4 4
79 4 7
80 4 10
81 4 13
82 4 16
83 4 17
84 4 20
85 5 0
86 5 1
87 5 2
88 5 3
89 5 4
90 5 5
91 5 7
92 5 9
93 5 10
94 5 11
95 5 13
96 5 15
97 5 16
98 5 17
99 5 18
100 5 19
101 5 20
102 6 0
103 6 1
104 6 3
105 6 4
106 6 5
107 6 6
108 6 7
109 6 8
110 6 9
111 6 10
112 6 11
113 6 12
114 6 13
115 6 14
116 6 15
117 6 16
118 6 17
119 6 18
120 6 19
121 6 20
122 7 0
123 7 2
124 7 3
125 7 4
126 7 6
127 7 8
128 7 10
129 7 12
130 7 14
131 7 16
132 7 17
133 7 19
134 7 20
135 8 0
136 8 1
137 8 2
138 8 3
139 8 4
140 8 5
141 8 6
142 8 7
143 8 8
144 8 9
145 8 11
146 8 12
147 8 13
148 8 14
149 8 15
150 8 16
151 8 20